31   3.3e-05   2.3e-05   0.000175   4.4e-05   0.000131   0.000201   0.001709   0.000238   0.001694   
31   1.2e-05   1.9e-05   9.4e-05   3.8e-05   0.00012   0.000135   0.000698   0.000209   0.000787   
31   1.2e-05   2e-05   9.1e-05   3.8e-05   8e-05   0.000135   0.001002   0.000177   0.002353   
31   5e-06   8e-06   4e-05   1.7e-05   3.5e-05   6e-05   0.000337   7.8e-05   0.000445   
61   1.8e-05   3.2e-05   9.4e-05   6.7e-05   0.000105   0.000155   0.001061   0.000207   0.001347   
61   1.1e-05   3.2e-05   9.2e-05   6.9e-05   8e-05   0.000152   0.000948   0.000203   0.001339   
61   1.1e-05   3.1e-05   9.2e-05   7.2e-05   8e-05   0.000151   0.000973   0.000203   0.001217   
61   1.1e-05   3.2e-05   9.1e-05   6.3e-05   8e-05   0.000152   0.001087   0.000205   0.001583   
122   3.1e-05   0.000127   0.000225   0.000308   0.000201   0.000436   0.002756   0.000644   0.004546   
122   2.2e-05   0.000126   0.000224   0.000312   0.000213   0.000399   0.002597   0.000533   0.003495   
122   2.2e-05   0.000127   0.000272   0.000299   0.000209   0.000398   0.002155   0.000536   0.002336   
122   2.3e-05   0.000126   0.000224   0.000314   0.000202   0.000399   0.002849   0.000536   0.00437   
244   7e-05   0.000511   0.000556   0.001209   0.000514   0.001125   0.007458   0.001418   0.01028   
244   4.8e-05   0.000509   0.000555   0.001215   0.000508   0.001029   0.008744   0.001371   0.012295   
244   4.8e-05   0.000509   0.000655   0.001291   0.000511   0.00114   0.007799   0.001325   0.011569   
244   4.8e-05   0.000466   0.000554   0.001077   0.000517   0.001018   0.007581   0.001361   0.011275   
487   0.000144   0.001951   0.001441   0.004195   0.001498   0.002502   0.016299   0.003199   0.020166   
487   0.000103   0.001782   0.00142   0.004014   0.00139   0.002495   0.018036   0.003205   0.023411   
487   0.000102   0.001781   0.001438   0.004444   0.001368   0.002444   0.019217   0.0032   0.029156   
487   0.000103   0.001812   0.001651   0.004582   0.001381   0.002494   0.021386   0.003391   0.031251   
973   0.000276   0.007304   0.003301   0.01643   0.003238   0.006272   0.055047   0.008012   0.0744   
973   0.000209   0.00736   0.003365   0.016675   0.003251   0.00639   0.050456   0.007811   0.070143   
973   0.000203   0.007131   0.003251   0.016648   0.003331   0.00598   0.052785   0.007877   0.07801   
973   0.000211   0.007483   0.003365   0.016933   0.003366   0.006334   0.052524   0.008059   0.0739   
1946   0.000576   0.028498   0.007947   0.06549   0.00728   0.014353   0.128012   0.018539   0.179439   
1946   0.00043   0.028792   0.007736   0.065843   0.007493   0.01448   0.105448   0.018327   0.115946   
1946   0.000426   0.028634   0.007924   0.064417   0.007277   0.014399   0.129976   0.018857   0.179209   
1946   0.000462   0.02882   0.007506   0.066588   0.007256   0.014272   0.119945   0.0183   0.149589   
3892   0.001188   0.11419   0.019835   0.262824   0.017071   0.034432   0.304329   0.044677   0.378136   
3892   0.000906   0.116538   0.017946   0.261418   0.017045   0.034576   0.327665   0.044749   0.438373   
3892   0.000905   0.114337   0.018015   0.258882   0.017146   0.034542   0.2854   0.044627   0.335021   
3892   0.000921   0.114988   0.017956   0.257645   0.017148   0.03461   0.286671   0.044452   0.333361   
7783   0.002571   0.458097   0.043566   1.04628   0.041035   0.08337   0.779286   0.107389   1.03441   
7783   0.002168   0.456408   0.04295   1.04754   0.041122   0.083141   0.768932   0.107338   1.14   
7783   0.002111   0.457552   0.043034   1.04547   0.041004   0.083106   0.772411   0.107146   0.935817   
7783   0.002   0.456641   0.042955   1.02744   0.044994   0.083372   0.727222   0.107319   0.841363   
15565   0.005678   1.83094   0.106197   4.17726   0.101701   0.206587   2.1222   0.266272   2.88892   
15565   0.004536   1.82982   0.106428   4.1778   0.101592   0.206568   2.00944   0.266509   2.65818   
15565   0.004536   1.8322   0.106341   4.15464   0.101806   0.207594   2.00105   0.266393   2.65367   
15565   0.004522   1.8344   0.106278   4.18692   0.101836   0.207024   1.79034   0.266177   2.06425   
31130   0.012686   7.3132   0.258167   16.7221   0.269848   0.503149   4.9008   0.648514   5.21154   
31130   0.010152   7.30695   0.258082   16.6493   0.248475   0.504272   5.13148   0.64785   6.36979   
31130   0.010133   7.30644   0.259266   16.5813   0.248165   0.503471   4.86203   0.647491   5.79099   
31130   0.010303   7.31061   0.258084   16.5264   0.24823   0.503634   5.1075   0.646398   6.65931   
62260   0.028898   29.2274   0.64106   66.532   0.665   1.25366   12.0777   1.60569   13.5902   
62260   0.023843   29.2322   0.6463   66.4324   0.618525   1.25148   13.41   1.60738   17.1021   
62260   0.023711   29.2283   0.640665   66.9015   0.617815   1.25259   13.3153   1.60755   17.8197   
62260   0.023705   29.2198   0.640582   66.5633   0.618247   1.25201   13.3159   1.60701   15.6856   
124519   0.069355   117.137   1.72976   266.863   1.67   3.388   34.1221   4.33419   40.2553   
124519   0.059296   117.12   1.72902   266.38   1.6704   3.38929   39.8392   4.34136   49.6888   
124519   0.059418   117.123   1.72981   266.333   1.78957   3.38817   32.5663   4.34012   34.4247   
124519   0.059251   117.111   1.7295   266.731   1.67377   3.38951   37.8154   4.34647   43.8455   
249037   0.160928   469.47   4.38762   1068.27   4.24465   8.61267   91.39   11.0223   101.082   
249037   0.140881   469.484   4.38433   1067.9   4.24514   8.61513   104.685   11.0155   130.248   
249037   0.141955   469.475   4.38814   1069.04   4.2469   8.61328   104.396   11.0176   134.764   
249037   0.141061   469.488   4.38907   1067.36   4.24587   8.61313   99.5751   11.0141   125.136   
498074   0.403559   1878.54   12.0285   4271.07   11.6749   23.6579   286.668   30.1829   341.313   
498074   0.364235   1879.01   12.0301   4269.25   11.6756   23.6561   297.633   30.1783   368.278   
498074   0.364289   1878.97   12.0338   4272.82   11.6759   23.6549   285.943   30.1876   354.434   
498074   0.365305   1879.06   12.0337   4273.63   11.675   23.6598   285.965   30.1873   341.318   
996148   0.992709   7517.45   32.0609   17101   31.3061   63.1445   796.051   80.5064   940.506   
