31   9.867e-06   7.224e-06   4.0406e-05   1.6993e-05   3.3651e-05   5.8206e-05   0.00049615   7.8144e-05   0.000552256   
31   4.206e-06   7.001e-06   3.3762e-05   1.4232e-05   2.9914e-05   5.1029e-05   0.00027215   6.9015e-05   0.00030884   
31   4.252e-06   7.652e-06   3.6127e-05   1.4334e-05   3.7387e-05   5.4882e-05   0.000389921   6.9349e-05   0.000912777   
31   4.313e-06   6.988e-06   3.4168e-05   1.458e-05   3.0113e-05   5.5063e-05   0.000303362   7.0968e-05   0.000395193   
61   9.137e-06   2.8003e-05   8.0181e-05   5.9419e-05   9.61e-05   0.000140151   0.000845462   0.000181401   0.00122114   
61   9.475e-06   2.809e-05   8.2444e-05   6.0456e-05   7.1987e-05   0.000137251   0.000855468   0.000181083   0.00121877   
61   9.079e-06   2.7991e-05   8.3941e-05   6.3645e-05   7.139e-05   0.000136753   0.000871461   0.000186282   0.00110323   
61   9.142e-06   2.8079e-05   8.1287e-05   5.6856e-05   7.2317e-05   0.000137794   0.000979335   0.000184319   0.00145745   
122   2.026e-05   0.00011247   0.00019751   0.00027389   0.00018088   0.00038885   0.00245598   0.00058168   0.00396374   
122   2.031e-05   0.00011283   0.00019979   0.00027654   0.00018182   0.00035663   0.00230959   0.00057755   0.0031688   
122   2.002e-05   0.0001125   0.00024292   0.00026265   0.0001802   0.00035657   0.0018279   0.00048537   0.00214904   
122   2.029e-05   0.00011066   0.00019989   0.00027707   0.00018366   0.00035821   0.00249815   0.00047275   0.00403222   
244   4.299e-05   0.00045436   0.00049589   0.00107094   0.00045371   0.00092306   0.00681645   0.00135652   0.00947721   
244   4.256e-05   0.00045285   0.00054763   0.00106879   0.00054495   0.00104958   0.00797828   0.00134667   0.0112515   
244   4.249e-05   0.0004515   0.00066327   0.00097859   0.00053874   0.00103384   0.00687266   0.00124766   0.0106615   
244   4.277e-05   0.0004538   0.00054513   0.00107119   0.00055869   0.00105942   0.0069388   0.00128603   0.0102498   
487   9.94e-05   0.0017827   0.0013944   0.0041335   0.0015044   0.0024991   0.0167105   0.0032166   0.019984   
487   9.57e-05   0.0017816   0.001408   0.0040587   0.0012835   0.0024756   0.0182691   0.0032356   0.0233559   
487   9.42e-05   0.0017816   0.0014078   0.0042747   0.0012946   0.002487   0.0189039   0.0032135   0.0285796   
487   9.69e-05   0.0017861   0.0016366   0.0042588   0.0012844   0.0024734   0.0209865   0.0031913   0.0288869   
973   0.0002175   0.0071779   0.0032415   0.0161622   0.0030307   0.0060128   0.0527983   0.0078187   0.0732698   
973   0.0002027   0.0071395   0.0032575   0.0165843   0.0029982   0.0059647   0.0490307   0.0078016   0.0688698   
973   0.0002013   0.0071719   0.0032261   0.0165069   0.0030053   0.0059747   0.0518805   0.0077966   0.0772434   
973   0.0002193   0.0071544   0.0032393   0.01641   0.0030234   0.0059501   0.0518418   0.0077513   0.0728978   
1946   0.000615   0.028581   0.007471   0.06522   0.007167   0.0143   0.127056   0.018417   0.177048   
1946   0.000441   0.028644   0.007499   0.065742   0.007257   0.014265   0.10342   0.018344   0.114633   
1946   0.000434   0.028371   0.007612   0.064321   0.007071   0.014235   0.128678   0.018385   0.175755   
1946   0.00044   0.028592   0.00765   0.065973   0.00704   0.01427   0.120506   0.018331   0.149601   
3892   0.001251   0.117372   0.019786   0.26177   0.017027   0.034642   0.302253   0.044201   0.373741   
3892   0.000932   0.114113   0.018121   0.261913   0.017206   0.03451   0.326555   0.044467   0.43948   
3892   0.001103   0.11418   0.017944   0.258735   0.017015   0.034544   0.284889   0.044602   0.331582   
3892   0.000944   0.114259   0.017942   0.257901   0.017042   0.034453   0.287416   0.044629   0.332577   
7783   0.002572   0.456933   0.043277   1.04572   0.041116   0.083213   0.775955   0.107426   1.03513   
7783   0.002003   0.456595   0.042961   1.0488   0.041019   0.083314   0.770617   0.107267   1.13897   
7783   0.001994   0.459523   0.04305   1.04595   0.041134   0.083133   0.774417   0.107149   0.93419   
7783   0.001998   0.456577   0.043062   1.0301   0.045097   0.083179   0.726831   0.107421   0.842766   
15565   0.0057   1.83122   0.106109   4.18996   0.101888   0.206691   2.12534   0.268221   2.89941   
15565   0.004531   1.8334   0.105971   4.18513   0.102067   0.206613   2.01638   0.26622   2.65546   
15565   0.004523   1.83249   0.106401   4.15842   0.104805   0.206809   2.00215   0.266163   2.65776   
15565   0.004526   1.83127   0.106145   4.19014   0.101703   0.206905   1.78858   0.266076   2.06269   
